"","1","2","3","4","5","6","7","8","9","10","11","12","13","14","15","16","17","18","19","20","21","22","23","24","25","26","27","28","29","30","31","32","33","34","35","36","37","38","39","40","41","42","43","44","45","46","47","48","49","50","51","52","53","54","55","56","57","58"
"1",0,48752.4546593606,100201.821086422,151021.753707189,201379.998607789,252014.322879132,301066.525674307,349316.34307523,399212.695875207,437825.351286627,439993.407353043,465528.103998829,478251.542031967,523487.148183076,570489.846461727,600104.780768857,592105.285861522,610386.219164893,635408.888865233,669301.395216232,700511.063296746,713319.25282764,706578.110386732,716431.367154621,745850.548595994,769442.273071384,768434.368105362,784616.963599796,821993.690348038,847452.841452042,871261.886939876,912298.942508515,954299.351666152,963500.303370597,1005174.59816719,1005776.68115933,1040762.31721533,1078664.43409901,1108512.80557744,1132784.11721263,1158437.45449901,1181742.61850168,1207067.57807512,1231459.97412091,1253311.70878199,1282260.57360625,1313340.8533692,1336493.97597824,1358663.34948463,1381473.41426608,1402284.1319155,1433543.67851402,1470097.25840053,1510613.84749727,1539224.33946776,1558033.73932885,1578592.8839867,1602934.94372363
"2",48752.4546593606,0,51894.0121877069,102638.032617489,152849.895322682,203377.654659259,252346.051608262,300579.515751712,350549.876384026,389525.139375838,392407.763728031,417682.387493711,430540.893706246,475441.671916622,522437.683208348,552343.343540758,544153.59878783,562060.243164188,586933.671585359,620727.880524226,651838.533126903,664567.284460419,657923.461658531,668010.953207669,697756.024786223,721810.17695389,721365.158328619,738268.577852151,776134.377806662,801985.524772937,826507.010259364,868005.405824333,910354.465030514,920384.515915524,962474.057115681,963862.396344688,999553.142181678,1038003.05378276,1068766.03771011,1094118.02133925,1120843.71843768,1145267.15701395,1171742.64627554,1197371.73062607,1220510.30060227,1250582.2167338,1282731.81325278,1307160.13846647,1330675.37945499,1354838.60172725,1376942.58880597,1409374.60449234,1446900.76273414,1488105.5223155,1517854.70005624,1538040.55650451,1559970.28355178,1585605.4245005
"3",100201.821086422,51894.0121877069,0,50822.7126429355,101197.224387192,151914.954266335,201170.563806909,249493.867641648,299118.873439267,337688.007207376,340572.068134343,365795.857342159,378673.895339937,423550.111070457,470547.012212466,500463.778041439,492259.630211107,510238.228697127,535208.876571801,569111.934033003,600411.202457214,613617.630468757,607831.118629527,618776.905317811,649410.257928622,674533.1344969,675264.783444685,693535.036332841,732245.893898616,758754.41773465,784451.657260994,826657.85871526,869519.468537402,880836.15902927,923514.065776422,926082.988620311,962770.733329479,1001970.22206107,1034001.9302632,1060835.41911221,1089001.21156879,1114904.34841508,1142875.79481077,1170091.32598642,1194860.36901091,1226324.15595753,1259779.93687948,1285765.5502634,1310907.95328245,1336688.0824525,1360322.49343191,1394114.52188678,1432748.34973848,1474716.91532229,1505764.9553913,1527524.9264456,1551006.78604735,1578089.60915349
"4",151021.753707189,102638.032617489,50822.7126429355,0,50457.526310149,101284.979052524,150747.003856587,199098.579471791,248431.358569978,286888.751104392,290246.653081312,315247.248827081,328223.309519849,372860.817023734,419849.585795842,449941.179003418,441616.56041844,459430.44948691,484387.276374119,518314.109008891,549693.635048917,563197.255645737,558078.455214786,569758.508516941,601173.443056152,627266.482126261,629111.375014172,648675.745836005,688155.296837879,715266.818023,742072.261945942,784909.950464105,828214.001224042,840765.716448582,883959.704344469,887673.799811992,925282.949827004,965160.226736191,998384.85570051,1026625.75413682,1056157.44894759,1083468.58268654,1112861.49384495,1141588.16933939,1167915.02660047,1200694.9987575,1235381.25325544,1262852.74180753,1289550.77713827,1316876.2148998,1341974.77188574,1377052.5185138,1416721.12653302,1459386.76539333,1491667.79122344,1514940.45174138,1539912.54615885,1568380.77205455
"5",201379.998607789,152849.895322682,101197.224387192,50457.526310149,0,50860.7971956927,100444.593468205,148781.008455664,197973.858983556,236827.872321008,241429.587157551,265901.790230542,279085.766450487,323131.324520946,370081.777454138,400566.394132818,391977.100786598,409294.052797707,434083.953636897,467921.460246991,499241.356864951,512810.251835775,508115.321380429,520378.870269418,552457.927087787,579416.035066415,582305.995176497,603095.122339487,643273.783998913,670939.156607447,698793.206885532,742193.695412774,785876.929420224,799620.633680737,843265.890487547,848097.91484612,886562.971506482,927054.911003937,961408.855280432,990996.949611152,1021834.42981682,1050496.48671426,1081251.62876578,1111430.50478174,1139259.4607997,1173295.2830921,1209151.11699968,1238054.09013708,1266254.13584499,1295071.352165,1321585.02886265,1357890.3615466,1398534.66993664,1441840.96157624,1475304.59449151,1500046.63906986,1526465.16590465,1556273.71950492
"6",252014.322879132,203377.654659259,151914.954266335,101284.979052524,50860.7971956927,0,49687.0929066887,97967.2198775131,147207.203399818,187122.47913786,194059.470114557,217486.610919424,230990.306415851,273912.128612986,320739.258318562,351831.719207778,342826.166308577,359278.450397554,383738.571306323,417372.88777885,448505.480629048,461949.928576893,457512.171658006,470287.281785237,502992.317707675,530799.803163026,534761.692734701,556807.541142359,597667.736835174,625876.90320638,654790.414592594,698719.462310996,742740.93407342,757703.659680426,801759.60147663,807742.796624782,847041.2977347,888114.362070735,923587.342640316,954523.079507323,986662.006450081,1016672.92067737,1048783.89792945,1080409.79961614,1109738.21347413,1145011.85893654,1182014.32037126,1212339.26226741,1242032.81438162,1272331.17533667,1300249.97614428,1337757.29327406,1379343.26600173,1423249.87465369,1457874.7386592,1484077.53034819,1511931.37892485,1543064.24390098
"7",301066.525674307,252346.051608262,201170.563806909,150747.003856587,100444.593468205,49687.0929066887,0,48351.6227868041,98488.2345635961,141066.626207562,152585.729840127,173720.690136263,187660.810026871,228248.948963848,274676.189624235,306695.502900716,297026.645812362,311918.748234454,335713.899555767,368900.078374514,399573.053304714,412469.090423647,407831.737651844,420838.008332001,453970.312527458,482446.934702139,487339.544102641,510512.743129259,551959.522133024,580643.547803513,610518.293973695,654890.710408563,699178.468391783,715274.688325759,759665.656083615,766734.532965636,806776.470456921,848351.784336638,884847.532033,917031.688268971,950375.499287251,981641.181623167,1015012.55413116,1047988.61674162,1078722.15105374,1115142.6641002,1153203.23997999,1184861.15346408,1215958.77165406,1247649.90709697,1276892.25105432,1315516.79539379,1357965.48099332,1402404.49204364,1438115.07356782,1465703.03527656,1494917.24890839,1527301.25863713
"8",349316.34307523,300579.515751712,249493.867641648,199098.579471791,148781.008455664,97967.2198775131,48351.6227868041,0,51424.6213940346,97559.7540967213,115623.554352867,132745.082433478,146962.324055407,183996.778288371,229668.159309956,262567.426183616,252211.762965031,265398.103567113,288500.99988347,321253.591308018,351545.215739575,364128.501503149,359720.785229234,373366.528109949,407282.246784548,436817.66685931,443087.395048248,467803.779237804,509966.715346708,539226.089068226,570286.502008835,615140.367836326,659688.447261852,677149.619499253,721875.080629729,730230.961594101,771085.777031205,813183.985420843,850808.334912102,884371.149285267,919026.380223437,951648.34831639,986365.882625044,1020774.75729717,1052991.39274398,1090597.34680352,1129739.45356758,1162773.84834562,1195314.90237464,1228427.8903103,1259014.89126886,1298752.13066092,1342042.87362679,1386981.02589929,1423768.45773457,1452743.68254606,1483312.1022344,1516931.19276711
"9",399212.695875207,350549.876384026,299118.873439267,248431.358569978,197973.858983556,147207.203399818,98488.2345635961,51424.6213940346,0,48866.7286295721,74853.1678404055,85680.1939259958,99762.399787961,133298.569154436,178505.253427851,211727.046243794,201093.645287313,213988.865006099,237313.007096991,270414.652238553,301299.528341652,315351.247718568,313664.790925557,329871.015175654,365989.453457841,398032.769712851,407278.48318792,434896.102435632,478148.745226289,508287.438008868,541236.623174051,586694.029442844,631495.798025071,651064.124181881,696153.716120936,706436.586313152,748363.854536278,791099.134104191,830235.596184433,865638.08223718,901997.993810342,936355.969346717,972759.101024189,1008936.19322787,1042958.51406984,1081962.03260122,1122356.00868956,1156996.44170196,1191202.32534821,1225931.55436162,1258029.34436321,1298981.6912079,1343166.8655784,1388607.8398891,1426556.00681645,1457035.29618747,1489053.26550694,1523974.82887786
"10",437825.351286627,389525.139375838,337688.007207376,286888.751104392,236827.872321008,187122.47913786,141066.626207562,97559.7540967213,48866.7286295721,0,34403.5882757095,36982.8372476173,50946.8507702878,87182.3229659418,133733.600622629,165670.619359706,155997.368653699,172562.685776559,198057.580018094,232808.045008922,265793.690559548,284073.9073173,288611.600443258,309435.218651603,348758.938615548,384261.623506356,397625.158329471,428756.879327928,472942.193036171,503899.934995558,538859.675684178,584709.021794288,629536.917921007,651405.89164933,696677.990098975,709035.30205999,751936.64921761,795184.290694411,835770.473634541,872948.868802221,910914.208507106,946887.333444425,984825.338836441,1022591.57697082,1058215.77245389,1098415.91535507,1139861.31093059,1175864.81706814,1211465.1159048,1247525.19004634,1280849.3630253,1322757.10683077,1367624.24225977,1413425.9439656,1452272.67978985,1483919.26522131,1517042.84097238,1552938.83311755
"11",439993.407353043,392407.763728031,340572.068134343,290246.653081312,241429.587157551,194059.470114557,152585.729840127,115623.554352867,74853.1678404055,34403.5882757095,0,27743.2744369322,38558.6278530267,86166.2993598812,132383.638799619,160253.985179738,153035.063768233,175331.624158743,203025.090198657,238989.54624965,273718.391665381,295812.497653542,305296.116283613,329035.419778794,369979.516977104,407195.976356515,422598.229703559,455220.42328179,499655.533169188,530873.601787834,566585.185532963,612494.975086776,657250.128810464,679995.932189908,725274.571909876,738387.892055165,781588.78273747,824974.208614533,866018.040023241,903740.592336994,942168.62860453,978582.279410799,1016912.00807915,1055057.57697784,1091035.823172,1131477.50309055,1173120.1830355,1209362.44107121,1245181.69610097,1281425.29198963,1314895.71001925,1356900.52949665,1401827.64261432,1447657.29552779,1486567.65278834,1518276.3026534,1551435.21002015,1587342.36587121
"12",465528.103998829,417682.387493711,365795.857342159,315247.248827081,265901.790230542,217486.610919424,173720.690136263,132745.082433478,85680.1939259958,36982.8372476173,27743.2744369322,0,14227.5960951427,58827.8431602538,105491.81108574,134697.864050033,126663.806815333,147878.623614952,175390.925790779,211302.397573669,245979.971200696,268197.608866152,278458.919733734,303001.30806987,344481.068185716,382402.380116103,398891.61657033,432447.367849157,477002.026621994,508376.832358612,544645.353053183,590561.60232421,635219.965854341,658713.879258349,703967.280361896,717809.720396358,761299.785338627,804811.297820007,846357.350089655,884740.016017712,923784.944474844,960847.157128054,999813.111216509,1038644.43755946,1075342.93462449,1116329.02681536,1158459.44242298,1195367.68877262,1231892.07009416,1268829.7684503,1302960.13329809,1345484.35194613,1390783.04051302,1436801.9451964,1476229.95902235,1508638.23510098,1542478.65565081,1579001.26844423
"13",478251.542031967,430540.893706246,378673.895339937,328223.309519849,279085.766450487,230990.306415851,187660.810026871,146962.324055407,99762.399787961,50946.8507702878,38558.6278530267,14227.5960951427,0,48310.3896839492,93930.887289443,121861.714036391,114476.629611071,137332.025206242,165423.221232042,201573.830548214,236731.069394128,260319.910620793,272682.721023276,298533.432364096,340692.086867819,379428.238275123,397069.194996856,431483.980050621,476102.170904551,507590.642406952,544317.593667576,590207.900696086,634757.254680547,658862.874713313,704073.658140401,718488.015381294,762181.318915554,805771.574103909,847676.040426212,886520.363672262,925981.500075662,963468.848062199,1002838.63882525,1042093.16162893,1079223.59322138,1120524.81786359,1162930.81603018,1200210.78056474,1237118.73246057,1274423.84779696,1308894.91884461,1351679.32981934,1397159.35911803,1443267.03195507,1482945.43183773,1515687.12653245,1549844.12564276,1586645.51252128
"14",523487.148183076,475441.671916622,423550.111070457,372860.817023734,323131.324520946,273912.128612986,228248.948963848,183996.778288371,133298.569154436,87182.3229659418,86166.2993598812,58827.8431602538,48310.3896839492,0,47002.7252101808,78588.4777023537,68915.135470366,89170.9403326525,117115.285051653,153266.629004976,188504.096799788,212896.03773983,227769.321092351,255667.810278722,298879.483229122,339047.318734216,359060.354176995,395291.934224196,439887.041607528,471538.936954357,509249.479053834,554958.777891628,599151.815607732,624685.570844969,669707.724258626,685523.196381669,729662.283766587,773388.919824737,816168.231543152,856193.861369508,896746.71345529,935384.838296125,975873.980033308,1016336.39199865,1054737.68466576,1096974.89358518,1140210.59644059,1178653.18094336,1216792.42437896,1255305.06863203,1290922.91617034,1334588.85619449,1380682.32981797,1427077.8769662,1467640.55513752,1501597.39427204,1536933.47122463,1574792.29086343
"15",570489.846461727,522437.683208348,470547.012212466,419849.585795842,370081.777454138,320739.258318562,274676.189624235,229668.159309956,178505.253427851,133733.600622629,132383.638799619,105491.81108574,93930.887289443,47002.7252101808,0,34817.9329655964,22637.3230518359,45003.0765830589,74205.7705654936,110392.422558516,146524.864880731,174665.917497938,196221.705752445,227893.056519446,272358.174676195,314459.455535245,337996.816283285,376510.341139812,420650.489337805,452284.19511241,491102.576676276,536292.214544334,579776.826253259,607124.197920473,651711.498373781,669303.813172967,713859.246080866,757621.042437929,801382.234803306,842766.586990053,884548.245031525,924474.422182851,966194.105224255,1007974.80957424,1047753.20831502,1090968.61560907,1135056.40053119,1174719.44835679,1214141.08851358,1253896.20134441,1290683.41430317,1335220.31487917,1381898.90918981,1428541.70336299,1469975.23528233,1505141.46223648,1541637.3788043,1580521.70960156
"16",600104.780768857,552343.343540758,500463.778041439,449941.179003418,400566.394132818,351831.719207778,306695.502900716,262567.426183616,211727.046243794,165670.619359706,160253.985179738,134697.864050033,121861.714036391,78588.4777023537,34817.9329655964,0,14219.8303476402,41577.0193314177,66343.562955968,98630.935245447,134524.197842785,167537.969469439,196537.466588912,231196.78313547,275972.719745385,319220.120944982,345495.766852791,385473.513641419,428900.757624532,460308.978268152,499783.040730439,544343.406425567,587082.839156036,615765.101163476,659867.026617894,678783.245643305,723535.818904585,767220.208812039,811628.508363452,853940.583522571,896543.909666243,937327.744487686,979851.740966769,1022487.25962629,1063150.37294433,1106970.65701322,1151575.58024915,1191993.80067113,1232199.39131245,1272701.50580112,1310181.99621835,1355218.21722898,1402220.41533784,1448985.39988365,1490913.4088441,1526768.00342486,1563912.02293383,1603357.9808303
"17",592105.285861522,544153.59878783,492259.630211107,441616.56041844,391977.100786598,342826.166308577,297026.645812362,252211.762965031,201093.645287313,155997.368653699,153035.063768233,126663.806815333,114476.629611071,68915.135470366,22637.3230518359,14219.8303476402,0,33577.9991348613,61528.0609079413,96208.3907992118,132541.392050235,163625.173692379,189835.500421041,223530.812262152,268295.512617929,311213.94586068,336603.570992733,376146.276293056,419836.459403606,451338.463359328,490621.660202846,535407.394323517,578409.492125244,606664.306734163,650938.164438672,669431.390154254,714132.302751134,757851.151687768,802062.520738089,844091.121025049,886447.52231333,926976.584815103,969265.639742635,1011655.00681249,1052067.48572379,1095720.49852175,1140184.61153454,1180398.40025532,1220395.82570658,1260703.88412474,1298008.10292053,1342920.5517497,1389844.28476737,1436580.90631081,1478389.84052154,1514081.64321285,1551076.72884912,1590397.31887519
"18",610386.219164893,562060.243164188,510238.228697127,459430.44948691,409294.052797707,359278.450397554,311918.748234454,265398.103567113,213988.865006099,172562.685776559,175331.624158743,147878.623614952,137332.025206242,89170.9403326525,45003.0765830589,41577.0193314177,33577.9991348613,0,29282.2538511071,65390.1332242608,101564.598765405,130835.471953073,156272.397875889,190199.367557496,234980.49470082,278048.693987014,303990.86811181,343903.679614712,387366.237893755,418794.447464374,458235.390756917,502840.175206206,545653.818869475,574230.412884334,618369.066182792,637216.335324084,681965.217214728,725652.596374088,770051.639650055,812376.340352629,855017.347940059,895868.204880189,938481.169594909,981240.434953806,1022064.72893604,1066013.27486811,1110740.12518429,1151361.87916574,1191808.61227413,1232569.62284478,1270317.33739317,1315560.16604141,1362701.48803104,1409516.69232507,1451677.47452705,1487885.03930079,1525389.98154648,1565171.80116217
"19",635408.888865233,586933.671585359,535208.876571801,484387.276374119,434083.953636897,383738.571306323,335713.899555767,288500.99988347,237313.007096991,198057.580018094,203025.090198657,175390.925790779,165423.221232042,117115.285051653,74205.7705654936,66343.562955968,61528.0609079413,29282.2538511071,0,36308.0359160595,72319.1719352553,102097.205880509,130471.812707764,165854.715355946,210527.836449928,254054.925185345,281559.988276354,322257.244660439,365097.442970147,396296.677913203,436052.931784217,480183.086651663,522493.165812712,551819.673719264,595613.201851391,615239.318931103,660060.030803072,703655.914463382,748417.998341448,791300.844184844,834450.285181971,875853.910521101,919000.044644391,962347.891316813,1003806.24660761,1048190.36197198,1093294.27596235,1134499.19048316,1175572.5752391,1216949.25770203,1255286.71074536,1300954.9983421,1348367.66477839,1395271.27584112,1437875.73634552,1474730.00419249,1512861.73863762,1553199.54330102
"20",669301.395216232,620727.880524226,569111.934033003,518314.109008891,467921.460246991,417372.88777885,368900.078374514,321253.591308018,270414.652238553,232808.045008922,238989.54624965,211302.397573669,201573.830548214,153266.629004976,110392.422558516,98630.935245447,96208.3907992118,65390.1332242608,36308.0359160595,0,36357.4942121936,69615.2435318151,105345.796084106,142763.578080352,186383.670379821,230233.421460442,260183.029248153,301835.893792656,343391.019244575,374064.128535222,414162.796414247,457388.062433268,498780.243445101,529229.041674682,572389.69843616,593193.037643958,638045.611260114,681434.45853876,726689.205873986,770359.644241413,814216.163456371,856389.294992726,900269.141987937,944425.789888484,986753.914640266,1031718.30979197,1077318.03544972,1119309.23732778,1161224.81398247,1203423.28243359,1242544.4574053,1288764.42017372,1336517.67545596,1383515.01122944,1426696.86585451,1464402.23555818,1503353.3996253,1544411.70120644
"21",700511.063296746,651838.533126903,600411.202457214,549693.635048917,499241.356864951,448505.480629048,399573.053304714,351545.215739575,301299.528341652,265793.690559548,273718.391665381,245979.971200696,236731.069394128,188504.096799788,146524.864880731,134524.197842785,132541.392050235,101564.598765405,72319.1719352553,36357.4942121936,0,38143.6096172827,81896.3766057998,119702.032706367,160805.530604949,204252.696671838,236329.804084274,278505.937512683,318470.101986278,348455.936411873,388691.063996264,430903.82060261,471330.519292046,502730.706704733,545219.966836183,567051.599229279,611850.130863589,654982.798487774,700617.502415384,744941.779399552,789385.031881948,832208.713632547,876709.814680999,921560.9482944,964646.302052252,1010104.08240392,1056122.38390059,1098806.48682909,1141470.99538527,1184403.50736077,1224229.30722962,1270935.24901629,1318978.14243114,1366035.96970011,1409736.12020782,1448223.108113,1487928.98052891,1529650.41347845
"22",713319.25282764,664567.284460419,613617.630468757,563197.255645737,512810.251835775,461949.928576893,412469.090423647,364128.501503149,315351.247718568,284073.9073173,295812.497653542,268197.608866152,260319.910620793,212896.03773983,174665.917497938,167537.969469439,163625.173692379,130835.471953073,102097.205880509,69615.2435318151,38143.6096172827,0,46849.4965453185,83526.8181866575,123145.553697981,166375.13242151,198946.57512565,241194.923450634,280679.538353316,310513.933162803,350753.699612529,392822.617981015,433189.643248127,464638.709501608,507084.631214663,528986.112453286,573775.005896986,616882.559633399,662547.579537604,706944.31492568,751470.62933965,794406.109400367,839031.073965493,884040.351343247,927320.613959097,972914.069930055,1019052.98080228,1061955.1785476,1104873.7031342,1148071.99890442,1188168.31250162,1235065.54679593,1283221.94978484,1330297.47351071,1374214.96019052,1413047.78632654,1453102.14307018,1495140.30327132
"23",706578.110386732,657923.461658531,607831.118629527,558078.455214786,508115.321380429,457512.171658006,407831.737651844,359720.785229234,313664.790925557,288611.600443258,305296.116283613,278458.919733734,272682.721023276,227769.321092351,196221.705752445,196537.466588912,189835.500421041,156272.397875889,130471.812707764,105345.796084106,81896.3766057998,46849.4965453185,0,37948.7091881787,81051.5059867329,124899.999767107,155295.639308123,197262.464976298,238214.284453439,268764.38769202,308896.895174647,352042.537240915,393531.789380496,423883.35114236,467079.961619037,487867.493464023,532718.522513225,576093.1559133,621380.366069386,665169.672124527,709196.529014537,751621.271385329,795799.125197597,840349.383702113,883174.15747136,928499.342172805,974426.216292896,1016996.69280652,1059591.9241015,1102507.75238332,1142362.7756577,1189112.83799327,1237190.1400333,1284254.28063879,1328036.14664946,1366687.43611458,1406595.58308627,1448528.185911
"24",716431.367154621,668010.953207669,618776.905317811,569758.508516941,520378.870269418,470287.281785237,420838.008332001,373366.528109949,329871.015175654,309435.218651603,329035.419778794,303001.30806987,298533.432364096,255667.810278722,227893.056519446,231196.78313547,223530.812262152,190199.367557496,165854.715355946,142763.578080352,119702.032706367,83526.8181866575,37948.7091881787,0,44783.9074960448,88209.1608148844,117485.579985726,159361.747228675,200629.805869801,231381.696696325,271434.294849436,314922.02079777,356820.89246156,386712.720097065,430163.421840249,450536.775887382,495390.526390133,538838.397299287,583990.748157848,627596.158974199,671493.999392114,713811.373135237,757917.349623261,802419.109389745,845225.484619167,890556.363597692,936498.047294144,979112.581495553,1021781.02061566,1064792.56013999,1104760.50034123,1151598.09084523,1199729.75710063,1246802.3681158,1290693.2138551,1329529.18292153,1369635.03914692,1411755.6096353
"25",745850.548595994,697756.024786223,649410.257928622,601173.443056152,552457.927087787,502992.317707675,453970.312527458,407282.246784548,365989.453457841,348758.938615548,369979.516977104,344481.068185716,340692.086867819,298879.483229122,272358.174676195,275972.719745385,268295.512617929,234980.49470082,210527.836449928,186383.670379821,160805.530604949,123145.553697981,81051.5059867329,44783.9074960448,0,43849.9779917394,76008.5981914599,118279.474380288,157686.230790402,187916.570125512,228110.396743538,271016.068022469,312509.672267098,342865.643977066,386029.476995473,406918.818259972,451763.815223614,495097.552302368,540459.839488381,584435.091792003,628684.81773175,671410.534630609,715922.332584157,760895.22539261,804235.821413378,849917.494538346,896158.04088788,939291.325220199,982536.382056762,1026125.89982975,1066661.21878826,1113883.52120195,1162233.33675002,1209328.80746829,1253641.56251211,1293140.85159235,1333897.23221477,1376593.53937946
"26",769442.273071384,721810.17695389,674533.1344969,627266.482126261,579416.035066415,530799.803163026,482446.934702139,436817.66685931,398032.769712851,384261.623506356,407195.976356515,382402.380116103,379428.238275123,339047.318734216,314459.455535245,319220.120944982,311213.94586068,278048.693987014,254054.925185345,230233.421460442,204252.696671838,166375.13242151,124899.999767107,88209.1608148844,43849.9779917394,0,36228.8228214844,77158.181991023,114344.939160106,144225.608574042,184451.419026668,227174.671291421,268701.371198157,299027.716087478,342185.622028626,363118.459890363,407958.423457962,451268.998369156,496671.279375847,540752.83372271,585132.358402794,628034.720372325,672741.680812739,717961.398725153,761603.052471152,807487.545541498,853903.867763794,897360.165572512,940977.540290822,984951.089955127,1025873.16399935,1073356.58182556,1121850.02352847,1168949.73118882,1213556.99221126,1253534.07032159,1294766.3360456,1337887.82845898
"27",768434.368105362,721365.158328619,675264.783444685,629111.375014172,582305.995176497,534761.692734701,487339.544102641,443087.395048248,407278.48318792,397625.158329471,422598.229703559,398891.61657033,397069.194996856,359060.354176995,337996.816283285,345495.766852791,336603.570992733,303990.86811181,281559.988276354,260183.029248153,236329.804084274,198946.57512565,155295.639308123,117485.579985726,76008.5981914599,36228.8228214844,0,42275.5802260507,83538.7060305192,114819.241648347,154494.437508022,198849.558318396,241872.664329173,270322.858554192,314378.443706519,333690.443527615,378521.059420294,422098.902619919,466963.180378408,510267.11475458,554033.525149474,596333.612393818,640529.316782314,685236.934333451,728379.548412066,773980.304580987,820177.438219512,863282.727161467,906559.002375942,950235.714918275,990903.525812755,1038237.00814471,1086655.02915165,1133753.81616687,1178217.88486482,1217994.04745148,1259060.33328439,1302058.41592325
"28",784616.963599796,738268.577852151,693535.036332841,648675.745836005,603095.122339487,556807.541142359,510512.743129259,467803.779237804,434896.102435632,428756.879327928,455220.42328179,432447.367849157,431483.980050621,395291.934224196,376510.341139812,385473.513641419,376146.276293056,343903.679614712,322257.244660439,301835.893792656,278505.937512683,241194.923450634,197262.464976298,159361.747228675,118279.474380288,77158.181991023,42275.5802260507,0,44638.0134983583,76250.7772531116,114595.046039066,159905.963521331,203876.631788255,230639.597369237,275213.907271604,293316.182791315,338062.408712239,381750.47909934,426236.700534982,469077.184089146,512522.444661651,554553.425794206,598558.022622626,643114.887932205,686155.463661992,731720.787633836,777903.978111743,821014.892620944,864335.418705934,908089.846460975,948861.4880225,996276.7664584,1044742.93493544,1091842.64291143,1136412.58165976,1176378.51319802,1217652.17894635,1260848.35280746
"29",821993.690348038,776134.377806662,732245.893898616,688155.296837879,643273.783998913,597667.736835174,551959.522133024,509966.715346708,478148.745226289,472942.193036171,499655.533169188,477002.026621994,476102.170904551,439887.041607528,420650.489337805,428900.757624532,419836.459403606,387366.237893755,365097.442970147,343391.019244575,318470.101986278,280679.538353316,238214.284453439,200629.805869801,157686.230790402,114344.939160106,83538.7060305192,44638.0134983583,0,31680.1006406473,70955.7840280307,115648.760729549,159348.490965599,186864.604864766,231137.422758297,250153.629158225,294987.60065512,338560.201219899,383465.354777794,426972.136852826,471029.759726842,513740.863249275,558396.850111102,603684.363407037,647529.26156818,693596.960654018,740192.877473107,784031.069494063,828145.075397767,872677.215998813,914199.645308606,962094.174616005,1010806.24279045,1057889.5308931,1102982.27887689,1143788.34367487,1185872.36746969,1229769.73286684
"30",847452.841452042,801985.524772937,758754.41773465,715266.818023,670939.156607447,625876.90320638,580643.547803513,539226.089068226,508287.438008868,503899.934995558,530873.601787834,508376.832358612,507590.642406952,471538.936954357,452284.19511241,460308.978268152,451338.463359328,418794.447464374,396296.677913203,374064.128535222,348455.936411873,310513.933162803,268764.38769202,231381.696696325,187916.570125512,144225.608574042,114819.241648347,76250.7772531116,31680.1006406473,0,40240.1813180029,84071.1488499231,127669.070937059,155525.262353409,199599.704598113,219155.699423488,264009.235456525,307483.959453046,352625.200730217,396531.139495408,440959.808328899,484091.336492008,529150.854480661,574896.90377003,619253.213005805,665630.086075139,712476.222223348,756778.973254578,801403.741552771,846437.498615186,888446.432464745,936641.439685022,985496.909410289,1032548.65076962,1077975.83678072,1119333.48494082,1161949.86355814,1206306.04007814
"31",871261.886939876,826507.010259364,784451.657260994,742072.261945942,698793.206885532,654790.414592594,610518.293973695,570286.502008835,541236.623174051,538859.675684178,566585.185532963,544645.353053183,544317.593667576,509249.479053834,491102.576676276,499783.040730439,490621.660202846,458235.390756917,436052.931784217,414162.796414247,388691.063996264,350753.699612529,308896.895174647,271434.294849436,228110.396743538,184451.419026668,154494.437508022,114595.046039066,70955.7840280307,40240.1813180029,0,45918.5140463601,90685.0876170653,116058.247054127,160660.73355465,179202.245610623,224041.434576242,267604.491099327,312566.518229889,356324.704230497,400719.649840079,443888.091442558,489035.053071696,534926.28723578,579489.074331104,626005.210970821,672970.491758279,717519.369658978,762438.466633297,807781.039593481,850106.330654929,898498.554593074,947444.047337224,994463.543754101,1040120.28361766,1081875.77981422,1124889.14480974,1169595.49212532
"32",912298.942508515,868005.405824333,826657.85871526,784909.950464105,742193.695412774,698719.462310996,654890.710408563,615140.367836326,586694.029442844,584709.021794288,612494.975086776,590561.60232421,590207.900696086,554958.777891628,536292.214544334,544343.406425567,535407.394323517,502840.175206206,480183.086651663,457388.062433268,430903.82060261,392822.617981015,352042.537240915,314922.02079777,271016.068022469,227174.671291421,198849.558318396,159905.963521331,115648.760729549,84071.1488499231,45918.5140463601,0,44852.3257224423,71858.8146771226,115532.843972708,136194.248273244,180954.793233751,224122.652939488,269732.686500339,314517.417603521,359777.249388774,403876.287676136,449862.070129157,496677.497007227,542246.145193744,589312.928254658,636700.966478577,682102.886799338,727947.519077209,774179.750801283,817356.87624962,866233.022527862,915370.488795602,962267.227180902,1008477.64532823,1051179.22268022,1095091.71216188,1140556.34250048
"33",954299.351666152,910354.465030514,869519.468537402,828214.001224042,785876.929420224,742740.93407342,699178.468391783,659688.447261852,631495.798025071,629536.917921007,657250.128810464,635219.965854341,634757.254680547,599151.815607732,579776.826253259,587082.839156036,578409.492125244,545653.818869475,522493.165812712,498780.243445101,471330.519292046,433189.643248127,393531.789380496,356820.89246156,312509.672267098,268701.371198157,241872.664329173,203876.631788255,159348.490965599,127669.070937059,90685.0876170653,44852.3257224423,0,36567.9668506378,74017.9943978385,99189.1457966888,142721.483795549,184665.204073231,231003.223315309,277075.050736096,323329.35833285,368493.752262035,415394.953533047,463221.304837301,509893.28961561,557493.57868003,605267.562446737,651576.718484734,698405.717474924,745572.890644506,789642.00997348,838981.189807119,888257.381360303,934950.065640914,981718.889311648,1025416.82063233,1070266.62031381,1116508.72211531
"34",963500.303370597,920384.515915524,880836.15902927,840765.716448582,799620.633680737,757703.659680426,715274.688325759,677149.619499253,651064.124181881,651405.89164933,679995.932189908,658713.879258349,658862.874713313,624685.570844969,607124.197920473,615765.101163476,606664.306734163,574230.412884334,551819.673719264,529229.041674682,502730.706704733,464638.709501608,423883.35114236,386712.720097065,342865.643977066,299027.716087478,270322.858554192,230639.597369237,186864.604864766,155525.262353409,116058.247054127,71858.8146771226,36567.9668506378,0,45280.373760355,64628.5177694381,109209.860581905,152267.109897253,197983.502555092,243168.824440321,288886.589938526,333573.106158162,380135.211189576,427644.396646776,474030.199864022,521519.924235099,569223.363549295,615374.221974637,662066.548622809,709135.877027649,753138.127831834,802453.39925169,851724.776595244,898429.409521648,945174.122016727,988850.061393496,1033704.04256103,1079966.69303764
"35",1005174.59816719,962474.057115681,923514.065776422,883959.704344469,843265.890487547,801759.60147663,759665.656083615,721875.080629729,696153.716120936,696677.990098975,725274.571909876,703967.280361896,704073.658140401,669707.724258626,651711.498373781,659867.026617894,650938.164438672,618369.066182792,595613.201851391,572389.69843616,545219.966836183,507084.631214663,467079.961619037,430163.421840249,386029.476995473,342185.622028626,314378.443706519,275213.907271604,231137.422758297,199599.704598113,160660.73355465,115532.843972708,74017.9943978385,45280.373760355,0,31840.684302123,70133.5202138973,110870.442332355,157381.49744251,203985.331117662,250709.757445706,296465.323869369,343902.825489784,392385.430742957,439844.422799694,487779.08897791,535777.375432449,582790.438998988,630424.957039158,678382.873957299,723234.851551908,772942.512975359,822275.187071101,868699.12396548,915954.543186755,960596.005492275,1006353.52051526,1053354.735208
"36",1005776.68115933,963862.396344688,926082.988620311,887673.799811992,848097.91484612,807742.796624782,766734.532965636,730230.961594101,706436.586313152,709035.30205999,738387.892055165,717809.720396358,718488.015381294,685523.196381669,669303.813172967,678783.245643305,669431.390154254,637216.335324084,615239.318931103,593193.037643958,567051.599229279,528986.112453286,487867.493464023,450536.775887382,406918.818259972,363118.459890363,333690.443527615,293316.182791315,250153.629158225,219155.699423488,179202.245610623,136194.248273244,99189.1457966888,64628.5177694381,31840.684302123,0,44853.9029399185,88438.3099841549,133568.683141442,178541.15950697,224371.781978667,269331.907096242,316212.036992962,364143.988177386,411065.117058446,458809.745301045,506692.683360984,553353.302842322,600639.411303498,648302.58152031,692899.762475173,742504.057581819,791828.45006492,838340.23385967,885458.484036669,929857.111160568,975413.74304744,1022269.07515642
"37",1040762.31721533,999553.142181678,962770.733329479,925282.949827004,886562.971506482,847041.2977347,806776.470456921,771085.777031205,748363.854536278,751936.64921761,781588.78273747,761299.785338627,762181.318915554,729662.283766587,713859.246080866,723535.818904585,714132.302751134,681965.217214728,660060.030803072,638045.611260114,611850.130863589,573775.005896986,532718.522513225,495390.526390133,451763.815223614,407958.423457962,378521.059420294,338062.408712239,294987.60065512,264009.235456525,224041.434576242,180954.793233751,142721.483795549,109209.860581905,70133.5202138973,44853.9029399185,0,43767.6805777721,88781.4446832751,134353.837055314,180754.990114292,226355.040348452,273771.156074511,322314.950421081,369933.362889092,417942.66461894,465988.946671346,513219.499416155,561143.800150353,609416.921059435,654607.598940585,704463.05402074,753793.855520487,800064.62067997,847531.443573452,892625.880865862,938841.022968713,986235.122358842
"38",1078664.43409901,1038003.05378276,1001970.22206107,965160.226736191,927054.911003937,888114.362070735,848351.784336638,813183.985420843,791099.134104191,795184.290694411,824974.208614533,804811.297820007,805771.574103909,773388.919824737,757621.042437929,767220.208812039,757851.151687768,725652.596374088,703655.914463382,681434.45853876,654982.798487774,616882.559633399,576093.1559133,538838.397299287,495097.552302368,451268.998369156,422098.902619919,381750.47909934,338560.201219899,307483.959453046,267604.491099327,224122.652939488,184665.204073231,152267.109897253,110870.442332355,88438.3099841549,43767.6805777721,0,46629.9287715496,93981.0932401918,141287.727608344,187821.820032219,235903.667161474,285219.888557249,333723.867626421,381955.476151136,430098.677458283,478019.399993627,526713.78434309,575705.462041966,621589.490539905,671684.73686287,720950.709374486,766855.026292103,814709.395895592,860625.168908378,907603.774773207,955606.937546407
"39",1108512.80557744,1068766.03771011,1034001.9302632,998384.85570051,961408.855280432,923587.342640316,884847.532033,850808.334912102,830235.596184433,835770.473634541,866018.040023241,846357.350089655,847676.040426212,816168.231543152,801382.234803306,811628.508363452,802062.520738089,770051.639650055,748417.998341448,726689.205873986,700617.502415384,662547.579537604,621380.366069386,583990.748157848,540459.839488381,496671.279375847,466963.180378408,426236.700534982,383465.354777794,352625.200730217,312566.518229889,269732.686500339,231003.223315309,197983.502555092,157381.49744251,133568.683141442,88781.4446832751,46629.9287715496,0,47806.6807288096,95251.5731314326,142060.627368763,190328.623758575,239929.215045085,288819.592386269,337083.665498713,385207.648444657,433455.616939012,482541.766107251,531912.531295524,578178.834613223,628376.227369057,677559.849069559,723206.565491947,771267.166765698,817667.805565406,865109.445923398,913485.439582035
"40",1132784.11721263,1094118.02133925,1060835.41911221,1026625.75413682,990996.949611152,954523.079507323,917031.688268971,884371.149285267,865638.08223718,872948.868802221,903740.592336994,884740.016017712,886520.363672262,856193.861369508,842766.586990053,853940.583522571,844091.121025049,812376.340352629,791300.844184844,770359.644241413,744941.779399552,706944.31492568,665169.672124527,627596.158974199,584435.091792003,540752.83372271,510267.11475458,469077.184089146,426972.136852826,396531.139495408,356324.704230497,314517.417603521,277075.050736096,243168.824440321,203985.331117662,178541.15950697,134353.837055314,93981.0932401918,47806.6807288096,0,47445.0248279964,94278.5449143395,142575.827031903,192251.792971619,241283.864310773,289539.516860268,337638.370333307,386020.390573824,435289.266010382,484851.805437196,531325.197010128,581565.823790856,630685.122094244,676173.335282083,724340.159196851,771016.991718983,818735.85693034,867340.842919469
